11110000111100001111000011110000
00001111000000000000111000111000
00001111001100000011100000111110
11100001010110000111000011110001
11110011101010011100000111000001
11100000101111001000011111111100
11000010010001000000001111110000
11111111000000011111000000000111
00001110000000111111100011111000
11000011010001111111000000111111
11111000000001111000111000000000
11100000000000000000000000000000
11111111111111111111111111110000
11100000001111001100001101101000
11111100000000000000000111111111
11010000010110101010101101000000
11010101101000111111000000001111
10101010000000000000111111000000
11011111111111111100000011100100
11000110101000001111000001110001
00000000000000000000000000000000
00000011100010101010000011111000
11100000100101010101000001101111
01011111110101010101010101011010
11010101011101011010101101010101
10000000000000000111111111100111
11111111111111110000000000000000
11100000000000011111000000001111
11111010100000000011111100000011
10001010101101010101010101010100
10101011010101000000111111000000
11111111111111111100000000000000
10000000000000000000000000000000
01111111111111111111111111111111
00001010000111100000011110000001
11111000000000101111111111000000
11111111111111111111111110000000
11000000000000111110000011100000
11111101000001111010101010110001
11000100001000010000100000011111
11110000001011110000001011010100
10101010000000000000111111111001
11000101010000010000100000000000
11010101010100000000011111110000
11010000010101010101010000000000
10111111111111111000000111000000
11001010101010100100000111101000
10101011111111111111110000000000
11111001000001111000100100101010
10100100000101110001010000011110
11111100000100101010100101010010
10101001010101010010101010000000
10101111111110000001111111111100
10101010010101010010010010100100
11111111111111111111111110000000
11101010101001010110000011101000
11011010010010101000000001101010
10100101001000000011111000010111
11001010010010010000000010101010
10101010010000011111111111111111
11111010100000011010101001000000
10101010010010010100101000000000
10111111111111111111111111100000
11111111111111111111100000000000
00000000000111000011111111000000
10101010000000000000000000000011
01000000000110000000000010000000
11111111110000000011110100000000
10010100100001111110000000000011
11000000011111110000001011100000
11100100010010000001010101000000
10101001010100101000000110111111
11000010100000100100001111111000
10101010101011111111111111110000
11100011110000001111111000000000
11111111010000001111111111110100
11110010010010000001010100000001
11001010101010000011111000000101
10100101000011101111111111010000
11010011110000110101111111100000
11111001000001111100000011110000
11100101010001000000101010111111
10010100101001010101001010100100
10101100101010011111101010100100
10101010011111110100010111110000
10101010010100101010101000000000
10100000011111111111111111111111
10000100111111111111111111000000
01001010111000000000000000111111
10110100101010000000101011111111
11001001010000001010000001010101
11010010101010101011101010101001
10101010101010100101010101000000
10110101001010010000010010101000
10101010010010100111011111111111
10100101001011111111111111111110
00000000000111111111100000000000